Double:
C:\MAG\1_LETNIK\1_SEMESTER\IZBRANI_ALGORITMI\Naloga_3_simplex\cmake-build-debug\Naloga_3_simplex.exe -s test_files/simplex_100_100.txt
x1: 0
x2: 0
x3: 0
x4: 0.316055
x5: 0
x6: 0
x7: 0
x8: 0
x9: 0
x10: 0
x11: 0
x12: 3.63124
x13: 0
x14: 0
x15: 0
x16: 0
x17: 0
x18: 0
x19: 0
x20: 0
x21: 0
x22: 0
x23: 0
x24: 0
x25: 0
x26: 0
x27: 0
x28: 0
x29: 0
x30: 0
x31: 0
x32: 6.75919
x33: 0
x34: 0
x35: 0
x36: 0
x37: 0
x38: 0
x39: 3.75068
x40: 0
x41: 0
x42: 0
x43: 0
x44: 0
x45: 0
x46: 0.0344398
x47: 0
x48: 0
x49: 0
x50: 0
x51: 5.1564
x52: 0
x53: 0
x54: 0
x55: 0
x56: 0
x57: 0
x58: 0
x59: 0
x60: 0
x61: 13.0356
x62: 0
x63: 0
x64: 0
x65: 0
x66: 0
x67: 0
x68: 0
x69: 0
x70: 0
x71: 0
x72: 0
x73: 0
x74: 0
x75: 0
x76: 0
x77: 0
x78: 0
x79: 0
x80: 0
x81: 0
x82: 0
x83: 0
x84: 0
x85: 0
x86: 0
x87: 0
x88: 0
x89: 0
x90: 0
x91: 0
x92: 0
x93: 0
x94: 0
x95: 0
x96: 0
x97: 0
x98: 0
x99: 0
x100: 0
x101: 110.123
x102: 99.4027
x103: 77.0438
x104: 0
x105: 243.973
x106: 232.741
x107: 68.2377
x108: 336.933
x109: 0
x110: 58.2061
x111: 163.573
x112: 287.856
x113: 345.261
x114: 57.3898
x115: 133.459
x116: 23.4557
x117: 91.3361
x118: 65.9141
x119: 180.118
x120: 0
x121: 333.733
x122: 388.876
x123: 205.048
x124: 317.346
x125: 217.758
x126: 319.457
x127: 148.777
x128: 0
x129: 151.643
x130: 385.126
x131: 208.44
x132: 243.84
x133: 216.111
x134: 192.058
x135: 397.436
x136: 179.484
x137: 298.445
x138: 438.942
x139: 224.743
x140: 324.433
x141: 384.376
x142: 222.638
x143: 332.446
x144: 236.583
x145: 356.845
x146: 0
x147: 154.914
x148: 144.503
x149: 332.54
x150: 111.888
x151: 282.19
x152: 343.352
x153: 55.9971
x154: 275.062
x155: 0
x156: 182.154
x157: 24.9126
x158: 24.3176
x159: 204.389
x160: 308.915
x161: 180.527
x162: 233.486
x163: 128.328
x164: 390.01
x165: 120.425
x166: 273.985
x167: 215.708
x168: 202.224
x169: 110.18
x170: 220.43
x171: 199.38
x172: 323.442
x173: 384.402
x174: 350.095
x175: 304.975
x176: 126.507
x177: 417.207
x178: 34.8759
x179: 128.263
x180: 227.699
x181: 165.988
x182: 216.464
x183: 155.409
x184: 55.4207
x185: 419.886
x186: 6.21745
x187: 104.575
x188: 23.5316
x189: 207.23
x190: 332.927
x191: 123.799
x192: 394.788
x193: 228.553
x194: 81.7371
x195: 102.463
x196: 0
x197: 24.9583
x198: 33.6942
x199: 185.52
x200: 212.422

z: 280

Process finished with exit code 0


Float:
